257.979431 297.902588
257.976929 297.914246
257.994080 297.933075
258.011810 297.964996
258.028198 297.967438
258.039093 297.977966
258.016449 298.006073
258.003571 298.015656
258.074860 298.080292
258.054688 298.087921
258.074921 298.066162
258.078339 298.049896
258.066956 298.033875
258.069641 297.996155
258.063416 297.991730
258.076782 297.978088
258.105988 297.956146
258.104919 297.944183
258.087677 297.948456
258.094391 297.959045
258.076660 297.960358
258.102295 298.002716
258.107513 297.997650
258.106842 297.995392
258.104065 297.990387
258.077789 298.009888
258.069092 297.998627
258.093781 298.062225
258.090668 298.040131
258.093445 298.027222
258.114349 298.021667
258.090118 297.977631
258.077362 297.988373
258.069794 298.014862
258.079895 298.007141
258.100708 298.004578
258.088867 298.024689
258.060364 297.955963
258.072937 297.919922
258.077606 297.918549
258.061432 297.943085
258.078949 297.956390
258.084869 297.946503
258.080994 297.929718
258.060669 297.955994
258.027863 297.951813
258.037537 297.960999
258.068237 298.010010
258.086914 298.056671
258.090027 298.063324
258.119812 298.049622
258.145966 298.006836
258.149414 297.973907
258.163788 297.965424
258.160431 297.960907
258.194702 297.924042
258.185913 297.904388
258.185303 297.901611
258.178040 297.910461
258.181732 297.856079
258.165344 297.875580
258.127380 297.855316
258.136871 297.816559
258.129700 297.793365
258.128052 297.750916
258.109650 297.768555
258.112762 297.697266
258.103973 297.658112
258.073303 297.609833
258.078156 297.655090
258.047455 297.573364
258.044891 297.609161
258.004089 297.636169
257.983459 297.611847
257.994476 297.613098
257.979370 297.619263
257.986389 297.632019
258.000336 297.622833
258.047821 297.627686
258.059418 297.623962
258.134888 297.688934
258.158783 297.688080
258.176880 297.714203
258.246002 297.729828
258.249054 297.747711
258.293488 297.768127
258.301971 297.795410
258.347290 297.761078
258.347168 297.735962
258.389862 297.749756
258.420258 297.797791
258.459900 297.796448
258.520233 297.779510
258.532135 297.806030
258.623047 297.832001
258.672943 297.809235
258.724243 297.814148
258.735657 297.881653
258.783752 297.898987
258.792236 297.872498
258.667267 297.780029
258.684906 297.753265
258.608643 297.731049
258.628357 297.720520
258.599335 297.710663
258.607086 297.710968
258.631073 297.727295
258.724030 297.825897
258.796082 297.864990
258.896576 297.934021
259.120026 298.069336
259.210419 298.107605
259.351166 298.143829
259.403656 298.237946
259.423492 298.291473
259.418976 298.384888
259.447418 298.433594
259.404602 298.446869
259.432220 298.546143
259.448212 298.558441
259.460052 298.534088
259.661407 298.614990
259.752167 298.714294
259.996918 298.896515
260.256622 299.174377
260.470856 299.305511
260.726288 299.503204
260.939423 299.690216
261.155243 299.862854
261.383881 300.051392
261.589691 300.170013
261.737610 300.373779
262.043457 300.624390
262.232239 300.710419
262.306854 300.899261
262.424164 301.231750
262.481415 301.417236
262.567200 301.662659
262.619476 301.661652
262.690033 301.575043
262.795776 301.612091
262.851562 301.511383
262.803162 301.430542
262.776031 301.399780
262.750610 301.318848
262.714203 301.145233
262.637756 301.027222
262.528351 300.863281
262.379944 300.798157
262.107422 300.616943
261.823090 300.318878
261.519073 299.953857
261.102875 299.502228
260.696808 298.989624
260.298340 298.255585
259.832855 297.488678
259.421875 296.680664
259.006958 295.996368
258.646454 295.378052
258.382904 294.830078
258.072266 294.400879
257.870361 293.965179
257.799042 293.481781
257.822510 293.145538
257.855225 293.000214
257.974030 292.814880
258.128845 292.789429
258.305817 292.707672
258.437378 292.561523
258.469849 292.541138
258.428040 292.465240
258.264801 292.510284
258.027679 292.690277
257.749084 292.655701
257.484711 292.566895
257.136749 292.456146
256.738190 292.355591
256.308563 292.154205
255.999359 291.831268
255.651367 291.497833
255.422424 291.065948
255.312790 290.545441
255.278915 290.127167
255.416428 289.565735
255.492844 289.013519
255.692001 288.497162
255.933472 287.903015
256.191772 287.284851
256.217102 286.888733
256.196899 286.449432
255.994949 286.302551
255.668198 286.017090
255.095673 285.647369
254.242752 285.154938
253.278732 284.590790
252.237991 283.942993
250.984528 283.238892
249.519501 282.523163
248.076752 281.499237
246.600388 280.356689
245.021530 279.111267
243.502121 277.804230
241.925522 276.421906
240.341064 275.088867
238.862549 273.799774
237.278976 272.693481
235.901535 271.421265
234.534180 270.299622
233.115921 269.361847
231.749725 268.584625
230.553452 267.786285
229.398239 267.219086
228.365173 266.940247
227.569565 266.644470
226.712570 266.616180
226.073669 266.560883
225.394730 266.678253
225.013840 266.694214
224.852661 266.755981
224.798309 266.804840
224.905487 267.034454
225.053314 267.313812
225.355743 267.576202
225.580231 268.031616
225.857666 268.414825
226.217392 268.941742
226.629730 269.329865
227.027649 270.035248
227.456833 270.670929
227.898224 271.313477
228.380096 271.948242
229.008194 272.454102
229.564178 273.107422
230.164597 273.284821
230.839569 273.523621
231.450577 273.692413
232.095718 273.756409
232.822983 273.889923
233.577271 273.954315
234.345734 273.801544
235.190277 273.518616
235.852097 273.425018
236.484833 273.228485
237.205017 273.101013
237.912125 273.013672
238.618866 272.777679
239.248672 272.758209
239.748505 272.679504
240.097427 272.505951
240.423538 272.416809
240.737289 272.107788
241.154739 271.853851
241.609787 271.369171
242.113388 270.635590
242.502411 269.969543
242.920746 269.102081
243.313599 268.338837
243.650696 267.579956
244.066132 266.762115
244.586121 265.822601
245.012726 264.848846
245.431595 263.560730
245.836975 262.312714
246.355164 261.063171
247.018036 259.775116
247.865936 258.627014
248.718109 257.377625
249.607788 256.161591
250.324524 255.004013
251.085587 254.049545
251.816605 253.487457
252.422241 253.128143
252.971069 253.127075
253.402908 253.492233
253.642120 253.332977
253.923065 253.864151
254.042923 254.292099
254.246170 254.345856
254.496719 254.352921
254.638626 254.268036
254.715500 254.499588
254.731903 254.500412
254.667114 254.313095
254.577164 253.808304
254.544937 253.854004
254.146576 253.489212
253.911377 252.996841
253.517227 252.611115
253.250229 252.210678
253.080521 251.855789
252.901138 251.254837
252.726944 250.999802
252.617096 250.613007
252.470139 250.333267
252.202972 250.261963
252.039612 250.166199
251.888245 249.818695
251.841553 249.568863
251.669708 249.452545
251.486420 249.013870
251.485474 248.623413
251.255112 248.237778
251.112015 247.669495
251.036469 247.041504
250.965744 246.223297
250.916885 245.602188
250.656036 245.281158
250.429474 244.972977
250.177063 245.076477
249.948776 245.338409
249.488403 245.708588
249.194595 246.092911
248.766052 246.788666
248.448883 247.642014
248.129135 248.611191
247.889496 249.833633
247.782806 251.002167
247.582016 252.290237
247.254593 253.613098
247.045120 254.720108
246.828934 255.916702
246.524246 256.828278
246.349289 257.743256
245.935028 258.598145
245.631927 259.372406
245.262573 260.166748
245.097473 260.642273
244.766037 261.505981
244.432419 261.624878
244.105164 262.028809
243.881409 262.804901
243.856384 263.529694
243.920456 264.130890
243.956772 264.673462
244.169373 265.391754
244.411118 265.734283
244.524979 266.459930
244.797577 266.916046
245.187042 267.740204
245.506836 268.963318
245.803879 269.644135
246.000595 270.356750
246.201675 271.029816
246.548462 271.648224
246.640244 272.095398
246.740219 272.586273
246.694992 273.104187
246.572708 273.506195
246.363342 274.067841
246.106125 274.471588
245.899841 274.895111
245.685196 275.301941
245.402145 275.797485
245.153870 276.147247
244.875534 276.595459
244.445114 277.353271
244.264893 277.844879
244.042480 278.440125
243.870682 278.907440
244.067276 279.438721
243.948349 279.947937
243.850037 280.358673
243.750107 280.780792
243.597885 281.504669
243.617523 282.029785
243.726929 282.416656
243.753784 282.786438
243.837082 283.117249
243.962677 283.420349
243.901627 283.615936
244.015671 283.739502
244.104263 283.930420
244.255676 284.086670
244.374847 284.150757
244.490356 284.239441
244.544037 284.296997
244.700165 284.304779
244.802353 284.304626
244.923172 284.356445
245.009201 284.283966
245.159515 284.184540
245.213806 284.083466
245.350693 284.067810
245.455338 284.031830
245.426941 284.116333
245.520538 284.092926
245.548096 284.191376
245.523956 284.255524
245.582245 284.185822
245.707581 284.000275
245.696396 283.900085
245.772003 283.715332
245.830627 283.536102
245.917969 283.503448
245.974655 283.436829
246.030869 283.434845
245.995697 283.425446
245.980957 283.257904
245.917267 283.237244
245.935425 283.245026
245.904709 283.117126
245.824493 283.239899
245.783371 283.234619
245.745758 283.238739
245.815186 283.225952
245.822571 283.294922
245.949799 283.308655
246.033630 283.458618
246.251740 283.302551
246.346237 283.331024
246.629456 283.269379
247.004059 283.010468
247.396576 282.842804
247.777878 282.548645
248.072128 282.436310
248.418961 282.151184
248.726562 281.697449
249.037308 281.353302
249.201340 281.275604
249.408188 280.968933
249.644867 280.748535
249.879761 280.587738
250.029053 280.265472
250.221588 279.996979
250.347946 279.501404
250.421509 279.071869
250.356125 278.587860
250.465332 277.839233
250.476761 276.922211
250.574249 275.867188
250.519745 274.856354
250.441589 273.661316
250.325668 272.548828
250.277969 271.464783
250.182663 270.313385
250.150467 268.887207
250.147232 267.465820
250.037033 266.188019
249.996475 264.829041
249.862976 263.583405
249.711914 262.280670
249.548553 261.077911
249.415085 259.876038
249.220306 258.645203
249.049988 257.334290
248.955032 256.292938
248.791000 254.944382
248.715286 253.944580
248.698547 253.229523
248.743179 252.721588
248.516800 252.243774
248.470947 251.653992
248.469864 251.012299
248.444199 250.412918
248.500549 249.983765
248.579041 249.579163
248.586975 249.721161
248.661179 249.593170
248.674271 249.395737
248.736832 249.100098
249.006287 248.646851
249.114441 248.317429
249.110886 248.079697
249.308929 247.713120
249.233307 247.325150
249.257401 246.902969
249.426773 246.327866
249.575928 245.781952
249.589142 245.340530
249.547989 244.888138
249.553650 244.689117
249.550400 244.262268
249.537659 243.961655
249.324402 243.876099
249.322525 243.790405
249.095795 243.859146
248.887665 244.044998
248.757736 244.256744
248.459442 244.286804
248.390350 244.346954
247.721115 243.901840
247.685898 243.906418
247.653610 243.957413
247.870865 243.716339
247.928894 243.563080
248.018509 243.269470
248.037170 242.889359
248.132935 242.503067
248.209488 242.187347
248.130310 241.967514
248.217529 242.174332
248.303696 241.998077
248.217163 241.964172
247.914124 242.223190
247.615356 242.394547
247.432907 242.570694
246.966171 242.739700
246.680222 242.825455
246.386917 242.852203
246.170380 242.891525
246.204498 242.735428
245.921631 242.795135
245.402847 242.844833
245.377945 242.759338
245.254181 242.786423
244.916519 242.938293
244.903305 243.099182
244.658615 243.233276
244.592102 243.546326
244.614609 243.540039
244.315033 243.752625
243.703278 243.923950
243.927567 243.819168
243.846634 243.890320
243.796249 243.761719
243.789215 243.573410
243.798019 243.368835
244.202606 243.229965
244.603302 243.536224
244.647812 243.730789
245.065720 243.724014
246.102295 243.796082
246.248077 244.042343
246.280975 244.251144
246.503433 244.510269
246.928375 244.631714
246.964111 245.013901
247.002731 245.151962
247.104065 244.821671
247.432861 244.579071
247.563293 244.593277
247.444443 244.515182
247.704086 244.339066
248.116699 244.021545
248.417419 243.698776
248.693604 243.357010
249.340805 242.772324
249.654816 242.583069
249.818527 242.355057
250.183105 242.082123
250.521378 241.554855
250.912537 241.237106
251.224960 241.262375
251.504242 241.354156
251.638275 241.742111
251.777405 242.403717
251.917755 243.114258
252.109634 243.844452
252.310913 244.665451
252.333130 245.416931
252.502365 246.234253
252.741837 246.275833
253.115189 246.506622
253.403046 246.829529
253.925919 246.715302
254.361816 246.421982
254.782593 246.110550
255.397476 245.541855
255.946854 244.994034
256.349915 244.317657
256.835266 243.507538
257.161285 243.083176
257.441315 242.494995
257.675110 241.593185
257.888885 240.847748
258.067291 240.277481
258.271149 239.887665
258.364990 239.636810
258.608765 239.491287
258.761200 239.828552
258.887939 240.297318
259.132538 240.978210
259.421448 241.608444
259.660553 242.547638
259.779144 243.503738
259.988312 244.035950
260.194214 244.344040
260.398407 244.688995
260.461121 244.808563
260.600128 244.604904
260.591919 244.233673
260.496063 243.581314
260.217957 242.930069
260.038727 241.953568
259.847961 240.831711
259.505798 239.990784
259.221680 239.200699
259.004364 238.408859
258.759979 237.754593
258.425262 237.332916
258.239532 237.210266
258.130737 237.771942
258.104156 239.077820
258.090973 240.785416
258.139801 242.829453
258.330078 245.167419
258.439880 247.765366
258.488922 250.414627
258.551208 253.173965
258.684570 255.958099
258.863678 258.526031
259.021545 260.994293
259.169739 262.974060
259.359558 264.946838
259.672943 266.822174
259.864197 268.455902
260.127411 269.909180
260.419586 271.264313
260.848053 272.458252
261.177795 273.675720
261.577789 275.149353
261.983643 276.446777
262.374695 277.824127
262.747498 279.207184
263.116425 280.533508
263.370331 281.835205
263.710785 283.220917
263.982697 284.640991
264.108643 286.002411
264.286499 287.203094
264.405914 288.198792
264.496155 289.108093
264.567932 289.816498
264.617004 290.136688
264.601379 290.420197
264.646942 290.643494
264.516632 290.914246
264.363098 291.148407
264.179993 291.481293
264.097809 291.687836
263.896576 291.949524
263.696198 292.287323
263.383850 292.536957
263.117523 292.896851
262.866974 293.110718
262.670624 293.293243
262.501556 293.347687
262.320740 293.271576
262.182617 293.132721
261.909882 293.131165
261.672821 293.112183
261.438446 293.026581
261.333771 292.985443
261.165131 292.886780
260.880035 292.796265
260.587616 292.751526
260.432678 292.650574
260.284363 292.578094
260.117279 292.578033
259.995941 292.540924
259.891968 292.414246
259.760315 292.409058
259.732574 292.293945
259.763397 292.058441
259.848206 291.900055
259.885345 291.744202
259.825531 291.701569
259.858673 291.606964
259.938904 291.428436
259.914703 291.259003
259.968994 291.175323
260.105225 290.961365
260.129303 290.926178
260.156555 290.886566
260.121094 290.937042
260.100922 291.014252
260.162720 291.042999
260.167328 291.043457
260.197968 291.104156
260.244171 291.195435
260.209686 291.220062
260.187439 291.207306
260.218079 291.134674
260.239105 291.149139
260.253845 291.145294
260.305664 291.095978
260.315674 291.075562
260.312958 291.083344
260.236298 291.054321
260.140656 291.010712
260.106506 290.907379
259.999786 290.864288
259.744385 290.572327
259.333099 290.348969
259.000580 289.993134
258.712799 289.422668
258.510986 288.512451
258.473419 287.360321
258.623169 285.919098
258.738220 284.067993
258.947235 281.812561
259.179749 279.342072
259.641113 276.830475
260.105835 274.041931
260.494873 271.270386
260.860657 268.485535
261.016724 265.787231
260.949219 263.204468
260.789124 260.684143
260.518524 258.404022
260.069763 256.495514
259.546906 254.809586
258.837799 253.265457
258.191437 251.838287
257.431213 250.302872
256.714478 248.890381
256.054413 247.424377
255.548035 245.971603
254.978561 244.692245
254.503387 243.511246
254.021576 242.311264
253.617188 241.114883
253.231979 239.993515
252.878510 238.958084
252.571198 238.013199
252.269485 237.013443
252.092987 236.235352
251.644730 235.467972
251.209274 234.685211
250.711456 234.053238
250.284332 233.347992
249.912766 232.698105
249.610840 231.998596
249.359528 231.303268
249.308685 230.643570
249.295151 230.123993
249.244293 229.646011
249.461136 229.233383
249.660645 228.775955
250.070435 228.219849
250.607681 227.852005
251.189240 227.603775
251.823700 227.472351
252.375839 227.411514
252.828110 227.414246
253.343796 227.262619
253.779114 227.029617
254.118195 226.904922
254.430496 226.937881
254.615097 227.104019
254.830780 227.530945
254.918472 227.517120
254.819321 227.310226
254.756424 227.067474
254.701904 226.865875
254.559402 226.682343
254.354874 226.542572
254.127472 226.379150
253.963211 225.986267
253.813095 225.597809
253.560303 224.882919
253.404343 224.305817
253.158295 223.778000
252.900024 223.405365
252.726135 223.031555
252.480484 222.651428
252.089478 222.332001
251.874634 221.778702
251.596420 221.639221
251.373184 221.393570
251.257980 221.162674
251.062592 220.971695
250.990463 220.884613
250.846451 220.732071
250.597748 220.387054
250.372101 219.881775
250.225998 219.094681
249.920532 218.455994
249.639511 217.469894
249.350067 216.589981
248.917175 215.688782
248.432373 214.790817
248.042999 213.799179
247.649933 213.010284
247.337891 212.435745
247.078003 212.093399
246.893082 212.048599
246.865158 212.147522
246.769104 212.563095
246.689209 213.082123
246.700836 213.704071
246.783875 214.318115
246.738113 215.144241
246.832840 215.894348
246.848740 216.620499
246.886307 217.450073
246.860947 218.267868
246.002014 219.873978
246.038025 220.650436
246.020493 221.346191
245.825516 221.942093
245.517273 222.572693
245.155121 223.245041
244.748322 224.083008
244.405975 225.045563
243.984772 226.103210
243.491196 227.282684
243.513626 227.939362
242.873871 229.369461
242.133667 230.761566
241.508347 232.351227
240.971878 234.056183
240.392273 235.885696
239.774551 237.931931
239.217438 239.955811
238.526413 241.909103
237.908936 243.890793
237.388962 245.814117
236.807297 247.531174
236.393265 249.153976
235.967545 250.627335
235.511475 251.922882
235.184906 253.015564
234.946732 253.895401
234.699005 254.638245
234.638565 255.319504
234.630722 255.835815
234.557693 256.401398
234.554352 256.961151
234.387451 257.880157
234.206055 258.979889
234.004120 260.115662
233.825165 261.358276
233.590332 262.624847
233.312759 263.960907
233.016602 265.325317
232.693604 266.595612
232.417435 267.732025
232.265427 268.708435
232.003799 269.456238
231.796173 270.090424
231.706818 270.725220
231.687607 271.352814
231.792557 271.804413
231.854752 271.953247
231.929642 271.991119
232.029617 272.027405
232.181396 272.038208
232.263184 271.943329
232.379776 271.858124
232.428329 271.766663
232.312515 271.563538
232.091339 271.314728
231.836945 271.029510
231.543671 270.856354
231.145386 270.586151
230.749634 270.340881
230.322617 270.098877
229.992340 269.962799
229.657242 269.778503
229.203979 269.565796
228.856247 269.284882
228.527390 268.894196
228.186584 268.513824
227.961655 268.267548
227.765381 268.182739
227.505905 268.079865
226.687729 267.892670
226.155106 267.930542
225.497528 268.059479
224.860138 268.384766
224.387283 268.808716
223.803436 269.175842
223.222000 269.452301
222.371735 269.462555
221.554260 269.543457
220.769455 269.543976
220.515427 269.846863
220.028564 269.978149
219.616211 270.231567
219.138229 270.449554
218.636993 270.772034
218.274307 271.306427
217.775879 272.202179
217.546295 273.316040
217.218918 274.393311
216.813187 275.680542
216.350128 276.918365
215.874329 278.196167
215.524094 279.409210
215.249420 280.524963
214.887436 281.420074
214.467392 282.195038
214.278671 282.842133
214.058472 283.236511
213.874680 283.612183
213.821442 283.838745
213.712296 284.033234
213.784622 284.177643
213.698364 284.122162
213.698563 284.064362
213.751801 283.949310
213.935043 283.733002
214.103561 283.688599
214.193146 283.781494
214.375885 283.743652
214.528488 283.689484
214.661667 283.587250
214.716537 283.430908
214.779160 283.211456
214.948120 282.967377
215.235916 282.774200
215.385086 282.602203
215.602264 282.297272
215.959747 281.959808
216.257828 281.403687
216.613083 280.828766
217.093613 280.186768
217.447556 279.658142
217.924088 279.122040
218.352936 278.498932
218.657028 277.674713
219.073700 277.245453
219.501022 276.802887
219.915283 275.918091
220.315491 275.806519
220.607346 275.740753
220.897659 275.793030
221.421204 275.748779
221.810043 275.836975
222.247955 276.073669
222.776413 276.120697
223.113419 276.291504
223.363098 276.580627
223.554916 277.197266
223.724854 277.821014
224.053864 277.874847
224.293808 277.851318
224.561707 277.895782
224.848022 277.812347
225.122711 277.636536
225.411026 277.794006
225.799759 277.362885
226.072159 276.836456
226.378769 276.286774
226.630081 275.728821
226.863464 275.327209
227.177582 275.040741
227.338943 274.712341
227.625946 274.530487
227.855362 274.321960
228.043289 274.072235
228.207809 274.247467
228.372833 274.264893
228.445648 274.158112
228.645111 273.781952
228.752045 273.517792
228.878006 273.137085
228.962982 272.897003
228.894165 272.596375
228.759598 272.614655
228.676788 272.431122
228.526505 272.349731
228.330292 272.163147
228.146835 271.989960
227.845230 272.079468
227.492294 272.013245
227.136139 272.170410
226.677887 272.240417
226.263245 272.318420
225.885223 272.164246
225.485840 272.191742
225.017273 272.132721
224.656570 272.193695
224.362396 272.360077
224.115005 272.441895
224.048462 272.525146
223.983368 272.442322
224.001801 272.426422
224.083084 272.460114
224.136490 272.532288
224.203186 272.626068
224.372726 272.690460
224.513000 272.696533
224.608627 272.665894
224.721802 272.599823
224.804398 272.522491
224.792664 272.588531
224.822540 272.572266
224.836395 272.280914
224.885544 272.145111
224.882690 271.913483
224.840103 271.793884
224.839828 271.703430
224.904114 271.687531
224.840576 271.601746
224.771912 271.480774
224.732910 271.349670
224.811218 271.047516
224.886627 271.063660
224.988983 270.775177
225.158081 270.392365
225.304901 269.998810
225.459030 269.534729
225.512085 268.922699
225.578934 268.451904
225.564087 268.094208
225.481384 267.666626
225.322495 267.205078
225.058060 266.427582
224.724991 265.764465
224.276443 265.183777
223.570404 264.662079
222.831375 263.945618
222.076981 263.274567
221.237152 262.593201
220.301865 261.824860
219.242462 261.151917
218.001175 260.619873
216.682205 260.248688
215.249985 260.077789
213.804672 259.797699
212.362167 259.406219
210.753967 259.201813
209.064819 259.138275
207.288620 259.098724
205.387695 259.161560
203.530884 259.317749
201.667664 259.326904
199.856491 259.481995
197.953354 259.318909
195.904221 259.278412
193.987701 259.294495
192.035568 259.218567
190.147079 258.953583
188.285309 258.857391
186.462692 258.751678
184.614899 258.552399
182.872528 258.473846
181.114639 258.291229
179.436722 258.321198
177.920944 258.233612
176.419571 258.159271
175.100693 258.047974
173.806274 258.102844
172.632629 258.002228
171.646683 257.829071
170.822998 257.511139
169.970505 257.216492
169.082062 256.971710
168.276093 256.698334
167.515945 256.447632
166.687134 256.117310
165.813004 255.704803
164.968597 255.208832
164.115448 254.631638
163.285568 253.996750
162.358658 253.428864
161.447769 252.822159
160.659439 252.125092
159.837189 251.446823
159.064117 250.668808
158.440231 249.936783
158.125458 249.331329
157.883041 248.688217
157.801712 248.123962
157.929047 247.520615
158.281052 246.880188
158.911865 246.301300
159.665298 245.763168
160.779419 245.192230
162.078033 244.676407
163.603302 244.217239
165.211838 243.907913
167.060074 243.477966
169.145676 243.196854
171.319778 242.848526
173.852066 242.557098
176.383163 242.359940
179.173553 242.390549
182.096268 242.613129
185.442154 242.807571
188.933289 243.217010
192.557556 243.467499
196.223312 243.873825
199.969025 244.342773
203.868881 244.734222
207.606400 245.090546
211.527313 245.856842
215.340820 246.088409
219.140472 246.268204
222.711960 246.544052
226.254379 246.602417
229.724808 246.716415
233.044479 246.938004
236.342941 247.138306
239.463135 247.551102
242.452499 248.145416
245.266434 248.426620
247.985214 249.327911
250.678940 250.105103
253.286972 250.838547
255.786316 251.822769
258.169800 252.802826
260.527100 253.667358
262.617218 254.543625
264.647675 255.366226
266.679199 255.994766
268.692383 256.543640
270.623047 256.769257
272.490021 256.989014
274.273163 257.311066
275.829803 257.418152
277.437958 257.476959
278.957153 257.598846
280.422150 257.762848
281.889801 257.891937
283.300659 258.134460
284.721680 258.387421
286.222687 258.608734
287.666229 259.082977
289.037170 259.447723
290.528564 260.000793
291.963593 260.755005
293.219604 261.536926
294.493713 262.434814
295.503632 263.478241
296.573059 264.441254
297.659546 265.306122
298.630554 266.065186
299.589264 266.591644
300.528809 266.938049
301.371338 266.959991
302.193115 266.505859
303.058594 265.939667
303.879364 265.103638
304.778870 264.133209
305.522278 263.297974
306.163574 262.559814
306.662201 262.118500
306.985931 261.406219
307.134308 261.305450
306.984039 261.261505
306.503540 261.709106
305.706116 262.349609
304.540588 263.279175
303.124359 264.151062
301.479797 265.007202
299.522278 265.951904
297.238068 266.728882
294.674927 267.736725
291.858521 268.372223
289.034210 269.200775
286.242035 269.686340
283.466248 269.955719
280.551514 270.026855
277.442261 270.067261
274.269623 270.204803
270.949158 270.284302
267.621185 270.627899
264.183746 271.332245
260.647003 271.999512
257.109528 272.589508
253.507156 273.489594
249.839935 274.575989
246.276642 275.736206
242.783218 277.035736
239.321594 278.045807
235.947388 278.794312
232.706421 279.408966
229.686615 279.631073
226.857269 279.819977
224.073700 279.833160
221.435196 279.638702
218.914780 279.377350
216.607895 279.018005
214.469971 278.330292
212.549561 277.669586
210.890488 276.926178
209.259262 276.062866
207.694122 275.157196
206.369705 274.418549
205.199020 273.678131
204.078857 272.912323
203.015274 272.076050
201.969070 271.153290
201.288803 270.288635
200.693207 269.347809
200.200485 268.702301
199.913162 267.953491
199.858444 267.574982
199.927017 266.745972
200.136551 266.194580
200.553665 265.574738
201.212524 265.116150
202.070328 264.769836
202.885529 264.601624
203.768570 264.655121
204.731110 264.796509
205.775650 265.223969
206.821701 265.307922
207.927582 265.765625
209.083176 266.177002
210.143509 266.617493
211.248611 266.975891
212.459442 267.143982
213.641876 267.292938
214.923264 267.392548
216.148315 267.403870
217.320847 267.475739
218.506332 267.431580
219.695053 267.219299
220.812469 267.200470
222.009598 267.172058
223.102615 267.145264
223.994537 267.333405
224.843094 267.553192
225.686584 267.753937
226.559219 267.989899
227.298599 268.174103
227.909760 268.496490
228.406326 268.878723
228.904327 269.205536
229.249252 269.533539
229.665054 269.802734
230.136719 270.123016
230.519089 270.371552
230.833832 270.638214
231.008804 270.847778
231.211777 270.969025
231.495422 271.141663
231.757843 271.255585
231.979340 271.368866
232.252090 271.437988
232.437958 271.698700
232.658295 271.812531
232.803757 271.950714
233.039566 272.043365
233.220901 272.214294
233.482788 272.489716
233.749512 272.649109
233.916016 272.883240
234.117416 273.097565
234.335297 273.138153
234.601669 273.228088
234.686066 273.249359
234.892624 273.398102
235.013870 273.489563
235.218842 273.710114
235.306168 273.788116
235.407959 273.833344
235.515564 273.904541
235.598373 273.921539
235.697342 274.045868
235.696045 274.091675
235.718094 274.236755
235.704315 274.187317
235.652649 274.250519
235.578217 274.251007
235.532669 274.213684
235.440338 274.256531
235.384018 274.259888
235.325317 274.266357
234.776276 273.950836
234.712830 273.872375
234.704788 273.855194
234.666855 273.771088
234.671753 273.729462
234.669861 273.668915
234.653839 273.622528
234.686401 273.555542
234.630737 273.486725
234.687302 273.425934
234.945633 273.580170
235.115799 273.666382
235.028549 273.595673
235.011932 273.746307
235.052216 273.759308
234.967361 273.753387
234.892700 273.719269
234.894653 273.800751
234.859741 273.777100
234.799805 273.793640
234.850494 273.727844
234.686584 273.779114
234.676361 273.804260
234.681549 273.739380
234.689590 273.816559
234.671082 273.747498
234.729385 273.742157
234.645142 273.602417
234.737488 273.598022
234.787872 273.521973
234.819290 273.615387
234.965454 273.563721
235.012726 273.576477
234.970963 273.572937
234.896713 273.562653
234.882111 273.591248
234.873291 273.648987
234.836075 273.684174
234.691711 273.794586
234.577667 273.959290
234.493423 274.043640
234.424866 274.289703
234.462814 274.276489
234.435684 274.217804
234.398132 274.188599
234.433594 274.224670
234.482239 274.086273
234.558731 274.145630
234.598541 274.084656
234.684433 273.983459
234.671326 273.858978
234.652054 273.642303
234.619507 273.555420
234.692688 273.634888
234.729858 273.632874
234.700394 273.556305
234.663208 273.685974
234.551682 273.683319
234.534897 273.673309
234.569977 273.682007
234.646820 273.681396
234.676941 273.653290
234.631104 273.685333
234.618179 273.673767
234.619232 273.657074
234.664047 273.739197
234.677185 273.706604
234.789124 273.680328
234.822937 273.708252
234.782150 273.696320
234.834351 273.715027
234.920471 273.804749
234.943268 273.772583
234.905075 273.696289
234.822647 273.761658
234.867996 273.679565
234.789780 273.662964
234.796310 273.747131
234.809708 273.725891
234.803314 273.747345
234.688217 273.581024
234.585190 273.549438
234.595825 273.543396
234.571945 273.515533
234.621185 273.545319
234.563889 273.615479
234.542786 273.608246
234.523544 273.583801
234.492630 273.578156
234.553055 273.488007
234.595001 273.676025
234.688828 273.665985
234.647400 273.663300
234.636490 273.770874
234.653809 273.700317
234.726364 273.671326
234.758133 273.590210
234.742111 273.554504
234.764984 273.526489
234.693253 273.541931
234.681931 273.460449
234.518997 273.604736
234.597565 273.632721
234.659485 273.635895
234.638916 273.601532
234.680130 273.625366
234.736969 273.661255
234.757050 273.566498
234.735077 273.569794
234.779617 273.573822
234.774841 273.649078
234.879440 273.597412
234.899765 273.566498
234.819443 273.507050
234.762436 273.577118
234.732605 273.517487
234.656479 273.509491
234.613556 273.589020
234.522400 273.594513
234.470551 273.611237
234.499557 273.633789
234.506653 273.662201
234.335266 273.481018
234.333832 273.566467
234.426468 273.538116
234.450363 273.582214
234.460175 273.664398
234.476898 273.693726
234.512909 273.729919
234.556839 273.834747
234.578125 273.857819
234.602356 273.804352
234.643677 274.013275
234.620987 273.948151
234.539261 273.890564
234.540222 273.898254
234.561203 273.813202
234.551758 273.679016
234.500259 273.733704
234.573807 273.657623
234.548431 273.592194
234.565430 273.590973
234.647202 273.523895
234.718994 273.547699
234.811096 273.617798
234.771027 273.649597
234.772781 273.678528
