258.178711 297.791748 0.041119
258.208130 298.002380 0.001736
258.026581 297.971497 0.039607
258.074188 297.919708 0.038872
258.197937 297.680420 0.039632
258.007904 298.050079 0.037585
258.254944 298.147827 0.039340
258.105804 298.124939 0.039079
257.997528 298.025696 0.038731
258.092987 298.050781 0.037199
258.052704 298.001007 0.036768
258.029846 297.994507 0.036835
258.048401 298.270630 0.037001
257.953583 298.006195 0.037206
258.111053 297.589752 0.036808
258.153870 298.008087 0.036594
258.085785 297.713959 0.036577
258.070221 298.001740 0.036779
257.911224 298.068481 0.036893
257.966919 297.926208 0.036604
258.140961 297.964294 0.037001
258.044037 297.812347 0.036745
258.001709 298.010559 0.037143
258.260254 297.774261 0.037712
258.135681 297.898193 0.037996
258.084229 297.861786 0.036925
258.089661 297.922638 0.037279
258.069397 297.696167 0.037575
258.074951 297.935394 0.037242
257.982788 298.061127 0.036929
258.008301 297.956665 0.037073
258.042847 298.049866 0.037002
258.032928 297.893005 0.038016
258.060913 297.752899 0.036956
257.899750 297.948059 0.036756
258.107056 298.139099 0.036698
258.110626 297.918030 0.036744
257.567200 297.478333 0.036492
258.160797 297.982971 0.036911
257.980194 298.054596 0.037123
258.150940 298.166504 0.036878
258.150024 298.151947 0.036567
258.167297 297.886047 0.036496
257.987030 298.028839 0.036693
257.924408 298.209991 0.036839
258.006439 298.007874 0.036980
258.234680 298.043427 0.036922
257.986237 298.070282 0.040623
258.120850 297.913544 0.044273
258.011963 297.920532 0.040086
258.066650 298.013123 0.041732
258.149231 297.796417 0.040800
258.082550 297.902710 0.042836
258.154602 297.885742 0.041354
258.202667 297.976318 0.040053
258.025085 297.890991 0.039101
258.071869 298.050812 0.040427
258.064148 298.071350 0.038853
257.974243 297.944763 0.038542
258.202057 298.296478 0.039594
258.097412 297.981903 0.039669
258.125061 297.858398 0.039360
258.054260 297.882080 0.039496
257.936768 298.022858 0.038848
258.069946 297.905518 0.038913
258.243469 298.458954 0.039439
258.068024 297.875244 0.038748
257.985626 297.851746 0.039096
258.201904 297.933380 0.040078
257.985107 297.917450 0.038635
257.989502 298.093719 0.039471
258.088074 298.151428 0.039487
258.167664 297.900909 0.038778
258.167725 297.976440 0.039703
257.972290 298.097290 0.039821
257.960083 297.872620 0.038883
258.163055 297.619690 0.039592
258.081757 297.859955 0.038579
258.028137 298.126526 0.039290
258.152405 297.996796 0.040062
258.041016 297.956604 0.038605
258.058014 297.968750 0.038437
258.008881 298.066650 0.039717
257.893341 297.916382 0.038572
258.083618 298.107788 0.038932
258.244934 298.277496 0.040133
258.266235 298.061523 0.039086
258.102905 297.982056 0.039691
258.266510 298.031982 0.039504
258.318146 297.675720 0.038783
258.115204 297.791290 0.039762
258.187988 297.908203 0.038623
258.023010 297.978790 0.039107
258.212982 297.619629 0.039173
258.005829 297.920715 0.038854
258.224518 298.146637 0.039672
258.226318 298.195709 0.039973
258.144226 297.507507 0.038740
258.093109 298.105255 0.038719
258.009583 297.552429 0.039287
258.168030 297.498962 0.038760
258.098633 297.740265 0.039141
258.041504 297.647095 0.039786
258.071350 297.772766 0.038529
258.072723 297.332489 0.039592
258.100555 297.761810 0.039366
257.932648 297.676300 0.038939
258.188416 297.816223 0.039525
257.851471 297.347046 0.040109
257.993073 297.887695 0.038997
257.841583 297.751862 0.040278
257.908630 297.535095 0.039855
258.111694 297.666077 0.039544
257.924225 297.819763 0.039871
258.071716 297.504639 0.039082
258.190247 297.709473 0.039711
258.359955 297.784180 0.039567
258.287506 297.761383 0.038718
258.490753 297.916931 0.039715
258.248230 297.841766 0.038788
258.104919 297.865753 0.039346
258.504089 297.659119 0.040184
258.174957 297.807220 0.038943
258.314697 297.966797 0.039439
258.195953 297.704071 0.040002
258.522919 297.465210 0.039047
258.362518 297.646729 0.039806
258.640533 297.937073 0.039207
258.685608 298.161560 0.039386
258.571869 297.877350 0.039577
258.619629 297.640930 0.038642
258.594330 297.810730 0.039335
258.946533 297.985229 0.039714
258.738739 297.716675 0.039455
258.682373 297.755920 0.039600
258.629181 297.967224 0.039841
258.806183 297.845337 0.039202
258.683838 297.718414 0.039934
257.748322 297.398834 0.038805
258.665497 297.576111 0.039550
258.012482 297.553558 0.039719
258.692078 297.729431 0.039160
258.602356 297.814209 0.039401
258.771057 297.719940 0.040047
258.812988 297.910095 0.038756
259.347656 298.627808 0.040024
259.363434 298.143860 0.040521
259.536560 298.302979 0.039861
259.788635 298.589020 0.040628
259.532349 298.023407 0.039262
259.387939 297.983826 0.039831
259.205322 298.579102 0.040119
258.984161 298.294006 0.039187
258.847595 298.578308 0.039893
259.161530 298.432220 0.038912
258.985321 298.638000 0.039986
259.606537 298.887360 0.039633
259.612061 298.401581 0.039135
259.831543 298.402649 0.040000
261.112823 298.838806 0.039620
260.153320 298.900146 0.040110
261.223297 299.955872 0.040134
261.216156 300.555817 0.040048
260.888367 299.730591 0.040420
261.430298 300.102112 0.039320
261.000916 300.225250 0.039431
261.522888 300.380798 0.041065
261.708313 300.142578 0.039519
261.716492 299.621918 0.040091
262.062134 300.574402 0.039904
262.815918 301.078186 0.039520
262.631744 300.648315 0.039741
261.950470 301.951599 0.039920
262.039856 302.504578 0.040100
262.052124 301.695831 0.040100
261.975189 302.333252 0.040682
262.245422 300.766357 0.040183
262.532837 299.810577 0.039029
262.851562 300.391937 0.039949
262.765991 300.099426 0.041266
262.457184 300.463226 0.039299
262.404724 300.494293 0.040234
261.845337 301.201569 0.039366
261.759827 300.796753 0.039890
261.417816 300.628967 0.040100
261.158661 300.673309 0.039559
261.002655 300.274475 0.041213
260.373901 298.692535 0.039071
260.463806 298.071777 0.039727
260.239594 297.276611 0.039750
259.350494 296.892090 0.040733
259.053070 296.341309 0.039494
258.821991 295.272308 0.038945
258.101837 294.651428 0.039546
258.044037 293.815186 0.039609
257.812500 294.695404 0.039275
257.879364 294.755096 0.040214
258.166534 293.973999 0.040417
257.806763 294.217255 0.039407
258.377533 293.311340 0.040764
258.743225 292.744965 0.039370
259.364960 293.452179 0.039693
259.189087 293.943787 0.039765
259.136841 293.419739 0.038769
259.392578 294.079956 0.039770
259.410217 294.071381 0.039172
259.101501 293.705811 0.039489
258.625671 293.670044 0.039883
257.839661 293.177399 0.039494
257.376801 293.539307 0.039892
257.013000 294.108490 0.041068
257.048309 293.104584 0.040119
256.962280 293.057648 0.040339
256.076355 292.664795 0.039090
255.785797 293.167969 0.039651
255.397781 292.335205 0.040539
255.962708 291.119629 0.041381
255.215576 290.859589 0.039567
255.364944 289.272705 0.039278
255.970062 288.658936 0.040085
256.257782 289.645233 0.040247
257.458252 287.644836 0.039661
256.932587 287.515656 0.040697
257.236725 287.245483 0.039374
257.282410 286.886993 0.040408
257.226227 285.875336 0.040374
255.910187 286.914246 0.039200
255.086517 286.430267 0.040440
253.910538 287.335388 0.039219
253.334885 285.891418 0.040053
251.758835 285.785583 0.040039
250.467667 283.166931 0.039693
249.170135 282.647339 0.039772
248.547028 281.824005 0.039827
246.652496 280.877350 0.039670
244.706879 280.027466 0.039788
243.532593 278.263977 0.039219
242.225739 276.680725 0.040942
240.066696 276.328339 0.039501
239.572128 274.372681 0.040622
237.484772 273.510864 0.041012
236.043686 271.707031 0.039752
235.627762 271.150513 0.040361
234.029343 271.730347 0.038959
233.747360 269.360596 0.039981
232.040207 269.806824 0.039962
230.435318 269.519897 0.039460
229.772125 269.141022 0.040039
229.085632 268.539307 0.039393
228.905243 268.393005 0.040116
228.220459 269.871765 0.040973
228.925751 268.609955 0.038866
228.253601 269.874512 0.040311
228.494141 270.183533 0.039598
227.888885 269.744598 0.039332
228.832062 269.352722 0.040043
229.231277 269.385101 0.039369
229.210922 269.358002 0.039904
229.750412 270.321167 0.040069
229.665314 270.925476 0.039482
230.294693 271.678284 0.040232
229.940018 272.341125 0.039854
229.679993 272.248138 0.039963
230.396149 273.647156 0.039722
230.427811 272.210754 0.039070
230.855865 274.357422 0.040353
231.248749 273.867188 0.039434
231.366531 273.759796 0.039271
232.123917 274.366211 0.039758
233.035980 274.106171 0.039229
233.239182 275.681335 0.040046
233.192566 272.685852 0.039739
233.640198 272.934387 0.039685
234.015900 273.617065 0.039808
234.345413 272.140747 0.039253
235.657639 273.977051 0.039172
236.158783 273.444855 0.040021
236.400299 271.831329 0.039037
237.823822 271.329132 0.040153
237.352341 272.563446 0.040529
237.620377 273.022827 0.039600
238.432068 271.710022 0.040489
239.159988 271.944214 0.039945
239.598053 271.625488 0.040186
239.606934 272.258118 0.040333
239.722153 273.057770 0.039818
239.370331 271.818085 0.040083
239.589645 271.234009 0.039312
240.633377 269.127167 0.040185
241.266708 270.614685 0.040127
241.814087 269.205231 0.040508
242.992355 266.325317 0.040148
242.668121 266.956940 0.039240
243.208633 264.932587 0.040319
243.248596 266.314484 0.040231
242.956985 266.388489 0.039404
243.434921 265.234802 0.040007
244.542633 263.440735 0.038973
244.710114 261.240112 0.039842
245.350037 259.753754 0.040529
245.897842 258.584534 0.040009
247.699097 256.402252 0.040097
248.595108 255.583862 0.039265
250.560486 254.916504 0.041254
250.824783 255.119415 0.039810
251.087021 254.823486 0.041007
250.555984 254.611908 0.040495
251.892685 254.488281 0.040437
251.926300 255.367279 0.040256
251.852921 255.653198 0.040281
251.780945 257.870361 0.040783
252.324707 259.259521 0.041455
251.719498 254.183167 0.040478
253.586197 259.223755 0.040655
252.614822 258.613159 0.040744
253.355286 255.643829 0.040391
253.316437 255.363647 0.040613
253.378754 254.282974 0.041950
252.927063 257.329773 0.040695
252.625046 255.274414 0.041498
252.032379 255.915894 0.040159
252.270737 254.154633 0.039520
252.434570 253.884064 0.042660
250.864197 254.789185 0.039599
251.356293 252.855164 0.040856
250.568848 251.797989 0.039733
251.283234 251.571686 0.041063
252.037460 250.886444 0.039618
251.739502 250.934784 0.040572
251.465607 251.575653 0.040884
251.544128 250.834686 0.041268
251.455215 250.183746 0.041280
250.949463 251.219910 0.040918
250.613327 251.735977 0.045314
251.364059 248.291809 0.039715
251.464249 248.481873 0.042257
250.917999 249.501251 0.043192
251.078995 246.614426 0.040249
252.394073 247.122086 0.040923
250.258591 247.927063 0.041601
250.786377 246.012039 0.040365
251.061203 245.503189 0.041791
250.729675 244.962936 0.042600
250.413177 245.524582 0.043284
249.716125 246.278961 0.039818
249.729309 246.242371 0.041289
249.202469 249.451294 0.043401
249.389801 248.393707 0.041903
248.510117 249.397125 0.040446
247.962616 250.893219 0.040878
247.158325 251.420074 0.039715
247.990952 252.593842 0.040140
247.707123 252.922562 0.039133
248.043060 255.428955 0.040122
248.170227 256.145996 0.040107
247.563522 256.923309 0.039701
245.993332 259.661133 0.041010
247.210724 257.497253 0.040099
246.661087 259.061829 0.040084
245.464478 258.415527 0.043340
245.770126 259.283203 0.040078
244.526993 259.839417 0.045078
245.096695 259.598602 0.041690
244.678574 262.096191 0.040261
246.218369 260.593567 0.040091
244.595154 263.467834 0.040817
243.316833 260.147400 0.040826
244.100037 261.045746 0.042169
244.483780 264.486969 0.042197
245.398071 264.002167 0.039901
245.818054 264.149902 0.039969
244.807953 263.900024 0.041372
246.707504 265.158661 0.039649
246.574112 264.328796 0.041486
246.709229 266.478729 0.040178
246.593872 266.937225 0.040319
246.630951 267.443024 0.040198
246.668671 272.063599 0.040192
246.932114 270.494568 0.041412
246.774872 270.741028 0.039575
247.078415 271.022888 0.039838
247.367020 270.622986 0.040808
247.167419 270.539062 0.039280
247.146637 270.302704 0.040441
246.282593 272.583557 0.039569
245.659821 272.144440 0.040860
244.889282 273.781769 0.040281
244.187347 276.527222 0.039820
245.080612 274.920898 0.040354
244.759735 275.238220 0.040641
244.168182 275.897644 0.041467
244.695068 274.661255 0.040118
244.019363 275.409363 0.039791
242.954895 277.484589 0.040017
244.125000 277.776306 0.039158
243.707474 277.908020 0.040201
243.141541 278.826965 0.040468
245.184067 280.628174 0.040633
243.699417 279.541199 0.040580
243.734680 279.858276 0.039360
243.478836 280.294128 0.040008
243.555878 281.710938 0.039519
244.098221 280.789856 0.040155
244.429352 281.569550 0.040010
244.624268 281.510925 0.039689
244.783508 281.788483 0.040207
244.635437 282.378723 0.039756
244.683990 282.918549 0.040276
244.863953 282.491028 0.039909
244.723053 282.780334 0.039029
244.971237 282.809235 0.040258
244.859360 283.109344 0.039400
245.280319 282.396240 0.039006
245.016266 282.620178 0.040346
245.952393 282.022034 0.039318
245.478729 282.581512 0.039998
245.394669 283.196838 0.039805
245.029373 282.909851 0.039501
245.556366 282.945251 0.040515
244.996872 282.653076 0.039662
245.797989 283.288879 0.040526
245.410278 283.410217 0.040398
244.911179 283.410950 0.039028
245.556244 282.839661 0.040599
245.599792 283.666779 0.039749
245.183578 283.805237 0.039970
245.695496 283.155273 0.040973
245.850464 282.148499 0.039984
245.694626 283.150146 0.040801
245.614838 281.904785 0.040745
246.132965 282.363464 0.042587
246.026978 283.558899 0.040045
245.480042 283.478149 0.040146
246.106110 283.191559 0.038881
245.491623 283.853149 0.039999
245.372192 282.631409 0.040662
245.393066 283.224792 0.038979
246.060867 282.752655 0.040409
245.595047 282.544220 0.039514
245.166351 283.357056 0.039343
245.785355 282.745270 0.040312
245.749176 283.667908 0.039592
246.100357 283.518250 0.040211
246.180450 283.720032 0.040548
246.569000 283.830811 0.039677
246.371170 283.807983 0.041181
247.315033 282.032562 0.039082
246.867538 283.210205 0.039857
247.897720 282.296783 0.039854
248.454758 281.367554 0.039486
248.989380 281.496979 0.040402
249.136536 281.321442 0.039425
248.703003 282.583313 0.039922
249.117859 281.346008 0.040147
249.326660 279.912170 0.039268
249.294479 280.814148 0.040331
248.847473 281.478088 0.039287
249.003204 280.409607 0.039360
250.070602 280.093018 0.040357
250.485077 280.044586 0.039321
250.241669 278.561920 0.040368
250.836029 278.912018 0.039883
250.008057 278.330475 0.039530
249.792892 277.782928 0.040514
249.040405 276.104828 0.038840
250.200256 274.782318 0.039882
249.105377 273.539703 0.039880
249.902130 271.593506 0.038978
249.710266 271.348846 0.040321
249.714111 269.608459 0.040196
249.127060 269.041992 0.039443
250.228943 269.145752 0.039931
249.227142 268.165466 0.039331
249.604980 265.285858 0.040539
249.279602 263.774506 0.039970
249.394714 263.641479 0.039871
249.019958 261.742554 0.039794
249.079941 260.453613 0.039674
248.648773 259.844360 0.040443
248.725769 258.813354 0.039578
248.548767 257.959106 0.040881
248.936386 257.632172 0.040650
248.295166 255.987061 0.039863
248.967255 255.991516 0.041947
248.201935 251.864136 0.039442
248.929108 254.073090 0.042186
249.013641 254.994522 0.039407
249.385986 255.704742 0.043509
246.951965 255.168213 0.043198
248.580597 253.325775 0.042769
248.845581 252.140411 0.039688
248.861023 251.798462 0.042713
249.121185 251.912567 0.039772
249.579285 251.990234 0.040353
248.399506 253.024414 0.040960
249.284927 252.256226 0.040628
249.150116 252.182755 0.040744
249.535538 251.760590 0.041180
249.493805 249.694916 0.041490
249.488968 249.289734 0.039442
248.865189 248.821548 0.040671
250.320389 247.545486 0.040594
248.722321 247.653091 0.042934
249.597534 247.353683 0.042460
249.938126 246.399719 0.041146
250.395477 245.812241 0.040766
249.319427 246.702515 0.041205
249.099548 245.970657 0.041740
249.455185 246.207123 0.040778
249.300140 244.135544 0.040216
248.799347 244.671234 0.041085
248.304657 245.362976 0.041376
248.823227 245.602478 0.040844
247.602859 246.434326 0.041033
248.135483 246.835938 0.040197
248.875214 245.835114 0.041298
246.916931 245.891479 0.041043
248.491165 245.954468 0.042465
244.165222 242.454544 0.040203
248.280396 244.312881 0.041308
248.311172 244.759735 0.039915
249.923630 242.835571 0.041487
249.121887 243.711975 0.042756
248.502289 243.329788 0.040135
248.471649 243.004150 0.041200
249.336121 242.337753 0.048171
247.938461 242.701675 0.040660
247.900528 243.483917 0.041782
246.022156 244.099396 0.041088
249.077316 242.156540 0.042741
247.755814 243.560226 0.041136
247.114487 244.325394 0.043742
246.802490 244.119598 0.041445
246.793182 244.007217 0.044220
244.733963 243.758530 0.041846
246.746582 242.547791 0.046414
245.657562 242.383163 0.044252
245.898773 243.428452 0.042417
246.341370 242.331940 0.044394
246.274017 242.651154 0.046862
243.332230 243.252106 0.050707
246.469833 243.008972 0.045209
245.373322 243.927124 0.043291
243.789658 244.917572 0.046963
244.434509 245.055084 0.046296
244.322296 244.056732 0.050352
245.054108 245.106873 0.045182
245.484497 243.514999 0.042594
243.706528 244.410187 0.045764
240.201172 243.592438 0.044574
245.412811 242.389618 0.050466
245.474030 243.659821 0.049605
245.222260 242.396667 0.050428
244.153030 242.906555 0.046305
244.594604 242.816666 0.048968
247.581238 242.535049 0.050901
248.386749 246.656586 0.047480
245.639969 244.805405 0.051038
247.211716 244.207001 0.047323
248.934906 244.311630 0.051307
246.910400 244.345749 0.044972
245.799210 245.435028 0.045695
246.995529 245.077454 0.044309
247.783813 244.401398 0.045579
245.237045 246.342407 0.046529
247.085617 244.254028 0.045563
248.733505 243.449829 0.046630
248.228394 242.628296 0.050935
248.047867 244.374588 0.046125
247.535217 243.513962 0.047105
248.961517 242.827072 0.040893
248.737244 242.667725 0.040295
249.643768 242.259705 0.043275
249.869370 241.765778 0.040176
250.559616 241.493652 0.041532
249.679062 242.878296 0.043586
249.848358 241.650391 0.042291
251.242523 240.832520 0.039964
251.101700 239.720367 0.040341
250.830383 240.761353 0.040545
250.654633 242.624176 0.039897
251.515610 242.737854 0.040814
251.190079 245.035492 0.040161
251.374756 246.574585 0.041361
251.663620 247.034668 0.040683
251.539459 248.387634 0.040638
252.441666 248.264481 0.041048
252.284409 248.269958 0.040344
252.651489 247.641510 0.040395
253.330353 242.505615 0.039298
254.501709 245.404541 0.041770
254.045517 246.229584 0.039799
255.389297 244.890900 0.041418
255.220688 244.492767 0.040884
255.523148 244.432846 0.039882
256.370117 243.786133 0.040579
257.131104 243.168945 0.040751
256.421814 241.924469 0.040639
257.239380 240.103210 0.040705
256.580536 239.482224 0.040733
257.088593 240.113159 0.039917
256.767975 238.024689 0.039348
257.547974 238.055634 0.040632
257.370361 238.924469 0.039421
257.845184 240.098114 0.040510
257.730316 240.643890 0.041324
259.190033 241.301727 0.040918
258.038422 243.824539 0.040863
258.755798 243.352386 0.039660
259.099915 244.447571 0.041163
259.732483 244.967590 0.040963
259.099823 246.370941 0.039510
258.958282 246.753326 0.039833
259.439026 244.845825 0.039848
259.826019 244.410004 0.042723
259.824097 245.192596 0.039832
259.799835 244.264603 0.040607
259.705139 243.530273 0.039465
259.087189 241.686554 0.040939
258.728455 239.918686 0.040042
257.891754 238.850708 0.042236
258.322418 237.881195 0.041058
257.931152 236.940521 0.039869
257.319000 237.113312 0.043899
257.859253 236.941742 0.040095
258.301300 237.395447 0.041324
258.123840 237.533920 0.040236
257.382690 238.615860 0.041197
257.737213 239.288284 0.046047
258.119080 242.974731 0.041777
257.870850 247.937897 0.040094
258.357971 250.783615 0.041063
258.400177 252.613129 0.039666
259.188110 255.501846 0.044422
258.919250 258.111633 0.039595
258.867126 259.726685 0.040251
258.787994 261.422943 0.039160
259.112244 263.223114 0.040284
259.449524 263.347809 0.039366
259.753448 265.728760 0.040424
259.557159 266.450195 0.040761
260.378906 268.963074 0.039558
261.200378 270.211487 0.039932
260.845703 270.869873 0.039629
261.309906 271.213806 0.039638
261.602386 271.806854 0.039948
262.609589 272.266052 0.040214
262.164581 273.727264 0.040191
262.970093 275.835724 0.040255
263.166229 276.193756 0.043922
262.911621 277.298950 0.038944
263.305725 279.342102 0.039859
264.088165 280.126984 0.040161
262.943420 280.761780 0.040572
263.907379 282.176941 0.041220
263.851349 283.347961 0.039681
263.686218 283.918518 0.040109
263.779633 284.345398 0.039882
263.844025 285.030884 0.039774
263.911926 285.155151 0.040146
263.711487 285.498566 0.039124
263.787048 285.232605 0.039282
264.004761 285.997864 0.039567
263.620148 286.197083 0.040013
263.151215 287.897705 0.041099
262.815765 288.704834 0.039659
262.410706 289.831970 0.040466
263.186920 289.201172 0.039864
262.338867 290.069366 0.039450
262.396515 290.332306 0.040153
261.377258 290.086914 0.040087
261.636932 290.572998 0.040366
262.019226 290.334595 0.040257
262.232849 290.231506 0.039495
261.928802 290.387238 0.039940
261.611542 289.815521 0.039992
261.612457 290.030060 0.039517
261.284241 290.453430 0.040424
260.691010 291.077087 0.039266
260.826233 290.989410 0.040129
260.993164 290.993408 0.040086
260.535187 290.934937 0.039051
259.914856 291.064880 0.039844
260.089050 291.300659 0.040779
260.541748 290.923828 0.040591
260.495331 290.806671 0.040204
260.252136 291.542969 0.039495
260.261047 291.466003 0.040675
259.907288 291.110687 0.039791
259.768311 291.918945 0.041201
260.677704 290.913788 0.039130
260.709412 289.822357 0.039522
260.673065 290.271606 0.040811
260.508301 290.488739 0.039905
259.991241 290.972534 0.040376
260.567993 290.763672 0.039478
260.693207 290.728241 0.039739
259.827423 290.851196 0.039781
260.371887 290.957428 0.039568
260.739899 290.640381 0.040248
260.628937 291.176819 0.040086
260.477478 290.157776 0.039187
260.075989 291.188232 0.040189
260.203369 291.414764 0.040130
260.531830 291.298706 0.039909
260.488831 290.909180 0.039889
260.733826 291.181641 0.039996
260.224609 291.571228 0.040558
259.983154 291.227112 0.039127
260.236664 290.837158 0.040400
260.625458 290.741577 0.040718
260.487396 290.620270 0.039295
260.050720 291.238647 0.040574
260.330841 291.071655 0.039721
260.353668 291.231995 0.040630
260.366180 291.048828 0.039352
259.990356 290.918335 0.039522
259.414917 291.236572 0.040728
259.718719 290.462830 0.039821
259.270752 290.528229 0.040024
258.376343 288.698059 0.040226
257.239532 288.836365 0.039842
257.445099 287.982666 0.039758
257.908325 286.237366 0.039233
258.484497 283.663544 0.039496
259.610016 281.558411 0.039682
260.908264 278.898254 0.038760
260.247040 275.616272 0.040319
261.018219 271.471527 0.039253
261.019318 269.351166 0.039775
262.231873 267.029175 0.040373
261.470581 264.507782 0.040364
261.112793 263.131592 0.041107
261.285919 261.321228 0.039803
260.218781 259.475128 0.040386
259.447449 258.192566 0.039819
259.687378 255.997696 0.039456
258.365601 254.941406 0.040826
257.375885 254.353699 0.039403
256.655792 254.065903 0.040434
256.083038 252.982727 0.041964
255.939743 251.643448 0.040879
254.607620 249.357391 0.041765
254.805054 248.823624 0.040202
254.348816 246.626617 0.042293
254.833435 245.517075 0.042055
254.416306 244.913483 0.040927
253.948730 244.665680 0.040960
252.914841 243.952835 0.041492
252.951324 243.398956 0.039864
252.489716 242.994751 0.042534
252.376312 242.022095 0.041764
251.435593 240.836456 0.046592
251.671356 239.659576 0.043145
252.409576 239.217072 0.040994
250.787506 237.768524 0.046532
250.773590 236.681732 0.043196
250.143066 237.168030 0.048807
249.634659 235.336761 0.042149
250.187241 234.537323 0.041240
250.277390 233.600098 0.043958
250.750992 232.599472 0.040638
251.280334 231.708069 0.043987
251.569092 232.019592 0.041639
251.795197 232.020187 0.040439
252.330048 231.387573 0.042292
252.022675 230.291443 0.041516
253.308228 229.758591 0.048243
253.695923 229.942352 0.041734
254.387924 230.455444 0.044450
254.885956 230.890594 0.048447
254.716232 230.683350 0.046061
254.535660 230.425156 0.043152
255.146942 229.142059 0.040994
254.995178 228.603821 0.046217
254.763916 228.656387 0.046359
254.628906 229.035339 0.041615
254.699417 229.777069 0.043108
255.257233 232.191467 0.043111
254.678421 229.194275 0.042929
253.718063 228.097473 0.042422
253.818481 227.741119 0.043190
253.786163 227.797485 0.048283
253.389709 226.801224 0.042184
252.890259 226.610352 0.041522
252.722992 226.494629 0.047907
252.752960 224.740875 0.050515
252.956024 225.177826 0.042003
252.472153 224.666351 0.045111
252.676575 223.024872 0.045753
251.416168 222.452148 0.044278
251.415283 223.279190 0.045373
252.141479 223.193726 0.042615
251.380692 222.275909 0.044402
249.899078 222.780884 0.047042
251.135529 220.935516 0.046561
250.719620 222.735306 0.050440
251.141510 222.066193 0.048474
251.812775 221.769135 0.043100
251.323242 220.940216 0.048762
251.368805 221.506943 0.041914
250.817307 221.780884 0.044496
250.394745 220.156860 0.047075
249.832062 218.084442 0.044948
249.360016 215.889832 0.043481
248.919052 215.436981 0.048700
248.622528 214.017151 0.043588
248.725677 214.270111 0.050736
248.037079 213.880188 0.046745
247.269012 213.648682 0.048193
247.800781 212.441681 0.041623
247.054276 213.865479 0.045137
247.325455 214.128174 0.042294
247.245529 214.322281 0.042167
247.356232 214.712128 0.041622
248.129974 215.475525 0.043339
247.360321 216.912598 0.046971
247.589249 217.634094 0.043518
247.850403 218.435425 0.042156
247.769058 218.342987 0.042024
247.277481 218.918213 0.041951
247.537460 219.538940 0.051139
247.197693 219.999908 0.043773
247.528778 221.181244 0.040163
246.985870 221.417938 0.049138
240.746338 228.472656 0.043128
247.336945 223.105789 0.050587
247.035660 223.686920 0.042395
245.985413 223.575928 0.047235
245.179825 223.901611 0.040322
244.232803 224.631226 0.044703
244.019928 226.670837 0.045065
244.057373 228.251923 0.043051
243.553864 229.714569 0.040680
242.374725 230.606461 0.041560
241.464142 231.670334 0.040915
241.239441 233.690826 0.042404
240.052063 233.972687 0.040765
240.075928 235.910110 0.044704
239.940399 237.449066 0.042108
238.662781 239.402710 0.041256
238.291092 242.812271 0.044341
238.569046 244.781097 0.043042
237.144211 245.993988 0.042700
236.715256 247.455734 0.042059
236.734100 248.408142 0.041432
236.179749 249.017242 0.041837
236.314667 249.279266 0.039462
236.242279 250.108704 0.041874
235.881439 250.410980 0.039842
235.800690 250.562775 0.040487
236.039703 251.707825 0.042550
236.178375 252.365875 0.040456
236.429703 252.961914 0.039480
236.576813 253.104431 0.043885
235.941132 254.191681 0.041410
234.642914 256.092590 0.041262
235.097168 257.701508 0.039972
234.839996 259.857300 0.044039
234.147369 260.487610 0.040654
234.087646 261.635162 0.040816
233.624023 262.988403 0.045742
233.372818 264.610718 0.042304
233.442230 265.785339 0.042975
233.245056 265.729309 0.043318
232.865723 265.889526 0.042428
232.523697 266.570190 0.041590
232.056046 266.554596 0.041752
232.087433 267.314606 0.040740
232.579346 268.131683 0.040985
233.147003 269.143036 0.041292
233.557770 269.122559 0.040407
233.077057 268.614441 0.041592
233.430847 268.792389 0.040752
233.274139 268.707703 0.044272
233.424805 268.643707 0.041570
232.754303 268.229462 0.040378
232.665909 268.099792 0.041451
232.301178 268.324524 0.044453
231.474899 267.948486 0.042427
231.066879 268.080597 0.041972
231.120377 267.522766 0.041647
230.508438 268.006836 0.039855
229.990646 267.352112 0.041303
229.888199 267.406647 0.042119
229.715942 267.239777 0.040747
229.735123 267.816772 0.041430
229.268829 267.619904 0.040764
228.128967 267.729156 0.041670
228.199265 267.187378 0.042798
227.826569 266.326599 0.040469
227.724854 265.945374 0.040550
228.031570 267.341614 0.040160
227.809982 268.176758 0.039809
227.276123 268.076416 0.040772
222.727737 266.999359 0.040956
224.800171 268.918884 0.050403
223.311508 269.416168 0.044821
222.414215 270.841217 0.040017
223.709641 271.281586 0.040474
222.604477 270.317596 0.039340
222.589890 269.500488 0.039341
220.683487 268.422363 0.048653
220.488678 269.392456 0.040141
220.259430 268.696655 0.040180
220.771378 270.148438 0.039812
220.500595 270.250824 0.040581
219.672089 271.451477 0.040430
218.339752 272.223816 0.039965
218.964417 273.421936 0.039083
218.924713 274.296448 0.040433
217.698334 276.622559 0.040462
218.330292 277.567871 0.039393
217.255936 278.369720 0.040200
216.338348 279.556458 0.039381
216.249634 280.573364 0.039795
215.887695 281.215607 0.039961
216.224594 282.047241 0.038944
215.686188 282.121643 0.040430
215.227341 281.640625 0.039597
214.751434 281.480103 0.040956
215.537720 282.238464 0.040449
215.785370 281.122131 0.039795
215.328522 282.024963 0.039782
215.611252 282.048767 0.039047
215.010696 282.570160 0.040401
215.142319 282.459045 0.039846
214.786682 282.028015 0.040867
214.788666 282.138733 0.040365
214.745987 281.620117 0.039392
215.840942 280.732300 0.039663
216.196091 282.235901 0.040067
215.904037 282.175354 0.039523
215.983749 281.581085 0.041299
216.112289 281.668823 0.039152
215.634659 281.492126 0.039704
215.315018 281.243408 0.040269
215.150543 280.400574 0.038999
215.872314 280.488342 0.040652
216.554031 280.598328 0.039283
216.623932 280.309082 0.040198
217.521637 280.498322 0.040377
218.232819 280.542480 0.039403
218.105789 278.374969 0.041544
218.503296 278.179535 0.039396
219.037567 277.458038 0.040234
217.994263 278.038055 0.041329
218.910431 277.154327 0.040032
219.347504 276.405853 0.040748
218.915436 274.590088 0.039986
219.872284 276.985779 0.041246
220.689987 276.727142 0.039687
221.450684 273.257568 0.039717
221.455765 277.129120 0.040158
220.942795 277.445038 0.039792
221.478104 277.747375 0.040513
222.435699 277.519806 0.039888
222.249832 277.813690 0.040599
222.983566 278.314209 0.042250
223.474991 275.529968 0.040023
222.842514 278.203217 0.040493
223.101730 278.753235 0.040200
223.356415 279.111206 0.041030
223.168579 282.183807 0.040087
224.051361 277.972015 0.039629
223.870010 277.642700 0.040405
224.716705 277.980347 0.039897
224.699982 277.187500 0.040157
225.168564 276.657837 0.039342
225.842865 277.177368 0.039637
226.327759 274.706543 0.040307
225.724472 274.227997 0.038938
226.428848 274.295654 0.040921
226.067749 276.482910 0.039090
226.573624 273.915558 0.040203
227.159912 274.506226 0.039953
226.753754 274.276001 0.038875
227.430267 274.958679 0.039686
227.540771 274.153870 0.040600
227.804779 274.079376 0.039473
227.872589 275.146606 0.040090
227.626846 274.247131 0.039796
227.613342 273.362030 0.040222
228.451996 272.206726 0.039980
228.099777 272.032867 0.040162
228.529984 271.619781 0.040336
228.024033 272.540710 0.039537
227.504822 272.497864 0.039697
226.954346 274.377991 0.039947
227.618546 272.829224 0.039323
227.154205 273.684692 0.040255
226.368362 272.785431 0.039818
226.424988 272.272827 0.039412
226.121918 273.370148 0.041829
225.313263 272.700348 0.039839
225.674210 273.074188 0.041033
224.328583 273.043518 0.039825
224.333710 273.159424 0.040225
224.056046 272.598999 0.039769
224.375595 272.709198 0.040118
223.513107 272.767273 0.039768
223.703613 272.462402 0.038871
223.983643 272.879303 0.039855
224.158127 273.201508 0.039734
224.749420 273.402466 0.038833
225.083679 271.862915 0.039956
224.769104 272.559296 0.039293
225.122284 273.054993 0.040566
224.815704 273.157837 0.039564
225.148636 273.281708 0.039427
225.334824 273.171112 0.039791
225.273865 272.755615 0.040250
225.067993 272.565186 0.039565
225.329041 272.325592 0.039655
225.717224 272.184601 0.039112
225.131958 272.113403 0.039185
225.294464 271.974121 0.040030
225.288925 270.471954 0.042252
225.203751 271.743256 0.039835
224.934250 271.520569 0.039143
224.934143 271.908569 0.039979
225.106903 272.040833 0.040458
225.282104 272.271057 0.039141
224.534805 271.440369 0.040228
224.750137 271.283264 0.039026
224.382370 270.945312 0.039233
225.560089 269.537445 0.039602
225.293182 270.802612 0.038713
225.519928 269.409912 0.039671
225.845398 268.352539 0.040883
225.856766 268.514832 0.039220
225.941147 268.016724 0.039975
225.426697 266.867279 0.038882
225.108459 267.298645 0.039268
224.745316 268.048553 0.039773
224.105011 267.200623 0.038835
224.487717 265.420624 0.039305
223.353409 263.990112 0.039912
223.009064 263.788940 0.039443
222.195312 263.509399 0.039808
220.168930 263.997681 0.040647
219.829132 261.940125 0.040078
219.110168 261.162811 0.040450
217.962677 261.236267 0.039297
216.793549 260.942719 0.039910
215.203384 260.876526 0.039847
213.691864 260.455566 0.039091
211.969208 260.496490 0.040356
210.521515 261.529022 0.038556
209.459229 260.755981 0.039007
207.550613 260.174011 0.039878
205.672379 260.116028 0.039442
204.180313 260.642944 0.039995
202.278549 260.944092 0.040533
199.828934 261.330536 0.040454
198.636597 262.006317 0.040851
196.957153 260.492889 0.039129
195.951019 261.375122 0.039719
193.642441 259.994019 0.040851
191.290909 260.034668 0.038782
190.556946 259.826019 0.040770
188.396423 259.179474 0.039293
187.397736 258.047424 0.039815
185.633362 259.385101 0.041715
183.567795 259.782990 0.039288
182.003372 259.799164 0.040559
181.075638 259.421082 0.038763
179.983398 258.897705 0.041710
178.245972 259.261230 0.039666
177.407440 258.445435 0.039658
176.589508 258.402802 0.039810
175.740875 257.827698 0.042626
174.992767 257.867950 0.039950
174.337189 257.610291 0.038699
173.923264 257.473236 0.040026
173.746735 256.406036 0.040660
172.393585 256.363281 0.039479
170.906372 256.301147 0.040524
169.841675 256.388794 0.039307
169.331573 256.193420 0.042159
167.980072 255.358978 0.040808
166.554794 254.157303 0.040506
165.894073 253.475555 0.040322
165.111786 252.681885 0.040102
164.704147 252.087555 0.040410
163.353119 251.758209 0.039844
162.304016 251.451645 0.040830
161.920029 250.193359 0.039856
160.748138 250.463257 0.039910
160.397995 249.077652 0.040238
160.217300 248.663315 0.039335
161.749344 248.542847 0.040563
161.572556 247.451660 0.041863
162.349899 247.105972 0.041200
163.627472 246.589035 0.040667
164.188904 246.054855 0.043089
165.610229 246.237030 0.039846
166.473267 245.403320 0.040073
168.618195 245.173523 0.041366
169.845505 244.533447 0.039150
171.771820 244.395081 0.040558
173.935364 245.422653 0.039931
175.971207 243.439209 0.039174
178.778809 244.279907 0.041891
180.840851 243.261719 0.039668
184.463089 243.249695 0.040669
186.085144 243.888260 0.040022
188.973282 245.064453 0.042745
191.863846 246.444244 0.040667
196.333191 245.847687 0.040778
199.481873 247.470062 0.042402
202.551529 246.927948 0.043128
204.931671 246.450256 0.041066
208.342926 247.582642 0.042540
211.777832 246.191010 0.039464
214.232437 245.960037 0.041395
217.525070 249.739532 0.041700
219.823090 246.641266 0.040736
222.887741 247.150375 0.041752
225.365692 247.684769 0.040157
228.461090 247.088623 0.040984
231.237778 247.168365 0.039404
233.368942 247.761871 0.041395
236.579742 248.353821 0.039813
238.940918 249.026993 0.043069
241.023300 250.332809 0.040380
243.106064 250.858643 0.040849
245.168076 253.523010 0.039647
247.993942 253.024765 0.040347
250.241760 253.308289 0.040444
252.474518 254.880524 0.040464
254.522385 255.177399 0.040825
256.755463 255.278748 0.040813
257.990997 255.608826 0.042055
260.089386 256.168579 0.040191
262.236572 255.677979 0.040697
264.503906 255.673370 0.039666
265.929535 255.520264 0.039208
268.144409 255.464478 0.043435
269.821869 256.819031 0.042561
270.746674 256.254547 0.040986
273.085938 256.462891 0.039995
274.573151 256.877045 0.041344
275.480316 257.291382 0.040670
277.514648 257.676727 0.040599
279.152557 257.806763 0.039898
281.138550 257.818024 0.041081
283.197784 258.304840 0.040845
284.653931 259.462402 0.040002
285.781555 259.841370 0.041852
287.655853 261.025299 0.039821
289.400299 262.698425 0.040362
289.634155 263.392456 0.040931
290.682587 264.863037 0.041022
290.731079 266.572510 0.042122
292.567017 266.394531 0.040584
294.301666 266.105469 0.040087
295.166016 265.991882 0.041005
296.322021 265.765656 0.040313
297.369171 264.589630 0.040701
298.243713 263.053131 0.041303
299.562714 260.899048 0.040177
300.274292 260.359528 0.040645
300.959808 259.115479 0.039742
301.658203 259.071655 0.039705
302.108887 259.723328 0.040120
302.845825 259.822571 0.039902
302.673431 261.736908 0.040909
302.252747 259.287933 0.041300
301.892426 262.890442 0.039844
300.341919 262.389099 0.040968
298.639160 264.384338 0.041079
296.815643 265.572540 0.040083
294.320038 267.060394 0.040123
292.472260 266.844147 0.040687
290.799652 267.463165 0.039274
288.547485 268.392487 0.039933
285.522736 268.696777 0.040113
282.586304 268.884644 0.039435
279.696289 269.138123 0.039838
277.696808 270.424744 0.040407
276.059784 269.665222 0.040147
274.211761 269.290253 0.039705
270.299255 268.980072 0.039833
266.587738 268.811371 0.039909
263.824127 270.263489 0.040790
260.333313 270.320892 0.040347
257.326202 272.338287 0.039779
253.375992 275.109131 0.038911
249.594528 274.960022 0.040444
247.311615 275.055511 0.039597
244.782028 276.540588 0.039610
242.203171 277.363464 0.040246
239.197998 277.850250 0.040365
236.098877 278.852539 0.040479
233.474579 278.183167 0.038946
230.706482 276.805725 0.039556
228.866959 277.631073 0.040233
226.819153 277.410614 0.039351
224.660477 276.681335 0.040431
222.596817 276.382812 0.039412
220.945740 275.815918 0.039387
219.061508 276.275574 0.039997
217.688812 276.005615 0.039418
215.749420 274.347107 0.040055
214.906357 273.680969 0.039810
214.445587 271.861511 0.040717
212.659698 271.417694 0.040243
210.880310 270.652985 0.039167
210.641296 271.022705 0.039863
209.806091 270.543060 0.042411
208.691437 269.885406 0.039467
207.538300 269.211700 0.040274
206.439362 267.973114 0.039997
207.348312 266.847473 0.040499
206.854553 265.471344 0.040348
207.145844 266.482513 0.040633
207.012314 265.169556 0.040084
207.267426 267.743591 0.039697
207.653122 264.944580 0.040131
207.754059 266.437744 0.039425
208.637970 265.212311 0.040503
209.756622 266.060608 0.039839
210.601883 265.938293 0.039579
210.968933 266.344910 0.040214
211.064072 267.041138 0.039486
212.042984 268.183838 0.039842
212.656891 268.963623 0.040068
213.185410 268.385590 0.039349
214.188354 269.087524 0.040038
214.830841 269.723969 0.040411
214.976990 268.980042 0.039151
216.493362 268.940247 0.040336
218.198669 267.570496 0.039532
218.610474 267.747650 0.039387
219.630035 267.612488 0.039908
220.389679 267.744965 0.040445
220.947556 268.454010 0.040243
221.601181 267.143463 0.039190
222.535080 266.311218 0.039625
222.990555 268.469116 0.040635
224.036774 267.829956 0.040370
224.640198 267.766449 0.040266
224.604691 268.383759 0.040553
224.778442 268.671722 0.041133
226.098984 268.349945 0.040719
227.134537 268.601654 0.040305
226.995987 269.145782 0.040474
226.797424 269.076080 0.040232
226.919907 269.682037 0.040675
227.550995 270.403595 0.040166
227.369949 270.460815 0.041629
228.637665 269.838623 0.039989
229.356689 271.035858 0.040004
229.050568 270.785278 0.041255
229.612701 270.852417 0.040412
229.330994 270.798157 0.040612
229.614548 270.821045 0.042642
230.155624 271.307953 0.040193
230.160004 271.204102 0.040625
230.477432 271.846008 0.040912
230.792725 271.662323 0.039143
231.031708 272.426697 0.042143
232.074738 272.171051 0.040550
231.584106 271.817535 0.040213
232.655807 271.553467 0.041190
232.158630 272.085236 0.041126
233.028931 272.984161 0.042225
233.485458 272.698334 0.039871
232.773575 272.937805 0.040436
233.360245 273.169586 0.039758
233.704529 272.299500 0.040878
234.358002 273.133301 0.042674
233.775833 272.447510 0.039441
234.224075 273.304077 0.040248
234.323685 272.753784 0.038961
234.801422 274.074249 0.040211
234.700790 273.739288 0.041370
235.010376 273.410309 0.039317
234.393097 273.742493 0.040109
234.599731 273.584381 0.042243
235.051529 273.903717 0.040409
234.675659 273.910065 0.040765
234.642853 273.978058 0.041113
234.780319 273.386902 0.041438
234.398407 273.732239 0.039824
234.627335 274.211456 0.040542
234.645737 273.605865 0.039134
234.518982 273.939606 0.040959
234.373672 273.961426 0.040131
234.429138 273.809540 0.041884
230.987610 271.689087 0.039580
234.334839 273.393524 0.041716
234.730316 274.029480 0.039244
234.792572 272.980286 0.041768
234.655914 273.441376 0.040499
234.970215 273.564453 0.039142
234.691254 273.305176 0.041290
235.102661 273.556580 0.039477
234.359375 273.444214 0.040423
235.026398 273.395599 0.040871
234.102295 273.485901 0.040691
236.015686 274.049683 0.040882
234.443207 273.517395 0.040825
234.841064 274.254120 0.040048
235.225204 273.742188 0.040623
234.491791 273.529572 0.041188
234.402878 273.394562 0.038961
235.229538 274.378601 0.039736
234.429153 273.400818 0.040681
234.542572 273.737640 0.040383
234.715439 273.125366 0.040674
234.581451 274.486084 0.039325
234.455963 273.878021 0.040724
234.844193 273.720184 0.039843
235.174667 274.274475 0.039992
234.320160 273.056641 0.040977
234.906464 273.553925 0.040374
234.439758 273.105530 0.040289
235.168716 273.460693 0.041358
234.912003 273.158813 0.039321
234.921509 273.954895 0.040215
234.956970 273.396729 0.040323
234.951874 273.851929 0.040898
234.661758 273.764435 0.039737
234.667709 273.877502 0.039251
234.436295 273.377045 0.040697
234.993713 274.031158 0.039798
234.354080 273.474915 0.040863
234.157959 274.405518 0.039783
233.987991 274.607727 0.039598
234.354889 274.616943 0.040105
234.181458 275.444092 0.041140
235.419434 273.954468 0.041303
234.323700 273.419556 0.039876
234.336639 273.874908 0.041229
234.802567 273.871002 0.040485
235.161301 272.970093 0.040569
234.885895 274.021912 0.040743
234.671555 274.025757 0.039705
234.711578 273.612671 0.044731
234.278305 273.491028 0.038908
234.125732 273.224030 0.040375
234.953568 273.386475 0.039321
234.907028 274.098450 0.041558
234.750168 273.800415 0.039776
234.676773 273.342804 0.039616
234.673111 273.960541 0.041016
234.012421 273.867737 0.039498
234.466934 273.730164 0.040654
235.059021 273.644928 0.040378
234.990997 273.421417 0.040748
234.530792 273.184662 0.041464
234.572052 273.659058 0.039757
234.769501 273.976807 0.042439
234.688110 273.687744 0.040709
234.985504 274.144653 0.041000
234.683563 273.606781 0.041013
235.091232 273.728577 0.040627
234.695969 273.893433 0.040317
234.543884 273.733582 0.040401
235.181259 273.820984 0.039659
235.209488 274.188232 0.041160
234.742676 273.781555 0.041138
234.720428 273.305054 0.040360
234.050613 274.044586 0.040960
235.258728 273.367065 0.040675
234.188904 273.437531 0.040011
235.224319 274.107635 0.039799
234.902130 273.673096 0.040160
234.573914 273.889801 0.039686
234.201691 272.424042 0.041393
234.185394 273.707825 0.040843
234.654388 273.576935 0.039738
234.586411 273.100281 0.041847
234.621246 274.258209 0.039576
234.666733 273.995178 0.040318
234.113800 273.362671 0.040402
234.915436 273.860535 0.039502
234.431580 273.653076 0.040272
235.000107 273.133972 0.039890
234.727386 274.149963 0.040376
235.096527 273.566772 0.040620
234.297821 273.463318 0.039745
234.493118 274.069031 0.041505
234.789246 273.663971 0.039927
235.236481 273.705139 0.040645
234.586807 272.913849 0.040388
234.753967 273.500671 0.040077
234.763336 273.430725 0.041048
234.359329 273.410614 0.040232
234.582596 273.384125 0.041111
233.834747 274.691010 0.041380
235.066772 273.806122 0.040956
234.983383 273.972321 0.041007
234.572296 273.271790 0.041383
235.230423 273.921295 0.039590
235.159592 273.275970 0.041885
234.758530 272.734619 0.042708
234.695770 273.580261 0.039974
234.820953 273.473846 0.040282
234.533813 274.055145 0.040920
234.751770 273.738525 0.041335
235.068207 273.544312 0.039711
234.343964 273.413269 0.039906
234.186340 273.764099 0.039054
234.875809 273.542175 0.040313
234.480988 273.367126 0.040482
234.284607 273.486267 0.040504
234.059067 273.696594 0.040872
234.333496 273.654358 0.040680
234.863419 274.030090 0.040988
234.784760 274.046997 0.041258
233.707870 272.142517 0.042367
234.258331 274.052795 0.040037
234.917740 273.577942 0.040071
234.990616 273.880402 0.040573
234.685303 274.071808 0.040824
234.422394 273.581848 0.040609
234.452301 273.951416 0.040442
234.723312 274.444519 0.040589
234.869690 274.101501 0.041666
234.893356 273.535767 0.040995
234.065430 274.426666 0.039507
234.280273 273.563507 0.040092
234.283890 273.296326 0.040045
234.866882 273.857239 0.040981
234.954117 273.438354 0.039835
234.496323 272.503448 0.039774
234.093918 274.101776 0.039134
235.243881 273.669128 0.041353
234.619492 273.447235 0.040012
234.888718 273.632294 0.040730
234.801895 273.737701 0.039115
234.981873 273.734741 0.041221
234.994751 273.879486 0.041764
234.396240 274.092957 0.039950
234.954803 273.716431 0.039802
234.478790 273.305664 0.040217
